 -1.86354714
  .753547392
  1.70584587
 -.893077784
 -1.51017778
  1.17879739
  1.19265293
 -2.82282025
  1.88983706
 -.734899727
 -1.73702687
  .861078777
  1.55068735
 -1.10296219
 -1.27683837
  2.02513338
 -1.91574264
  .717582568
  1.76713138
 -.833109126
 -1.58875828
  1.04195849
  0.
 8628 608 1073 828 45 970 2598
 -1.8636282
  .752750731
  1.70606613
 -.892719845
 -1.51039811
  1.17858993
  1.19361656
 -2.80997196
  1.89022965
 -.734339619
 -1.7373579
  .860744278
  1.55099401
 -1.10390446
 -1.27726777
  2.02252251
 -1.91603062
  .716754217
  1.76759322
 -.829133622
 -1.58939187
  1.04103648
  .0166666675
 9019 646 1126 892 45 1029 2708
 -1.86366643
  .753477101
  1.70623506
 -.892667986
 -1.51076344
  1.17771912
  1.19496819
 -2.79193524
  1.89064555
 -.734288559
 -1.73804199
  .859910972
  1.55208728
 -1.10154822
 -1.27951201
  2.00795559
 -1.91687065
  .716748255
  1.76854435
 -.831316648
 -1.59067369
  1.03935696
  0.
 9361 687 1185 953 45 1095 2802
 -1.86364611
  .753572851
  1.70616814
 -.892806509
 -1.51059226
  1.17823989
  1.19449494
 -2.79826758
  1.89041206
 -.73452902
 -1.73769217
  .860424814
  1.55156672
 -1.10233051
 -1.27854483
  2.01421841
 -1.91652157
  .717031432
  1.76809472
 -.831741087
 -1.59004196
  1.04035785
  .0166666675
 9892 729 1249 1023 35 1163 2956
 -1.86362873
  .753547386
  1.7060383
 -.892869977
 -1.51043846
  1.17865626
  1.19403948
 -2.80451444
  1.89029551
 -.734597424
 -1.7375325
  .860543669
  1.55134328
 -1.10274737
 -1.27810674
  2.01724364
 -1.91556435
  .717603955
  1.76702237
 -.83257031
 -1.58872742
  1.04236321
  0.
 10537 786 1357 1106 54 1258 3143
 -1.86364533
  .753433104
  1.70616521
 -.892773889
 -1.51060893
  1.17831614
  1.19443504
 -2.79926763
  1.89043301
 -.734504988
 -1.73772926
  .860343158
  1.55164016
 -1.1023123
 -1.27864987
  2.01374433
 -1.9165602
  .716952185
  1.76818089
 -.831464916
 -1.59015212
  1.04024272
  .0166666675
 11361 855 1449 1190 70 1309 3390
 -1.8636338
  .753556656
  1.7061555
 -.892814205
 -1.51058892
  1.17839805
  1.19436994
 -2.80012956
  1.89040778
 -.734527019
 -1.73768779
  .860428717
  1.55157634
 -1.10241733
 -1.27854467
  2.01443978
 -1.91650946
  .71698565
  1.76811329
 -.831565476
 -1.59008131
  1.04035417
  0.
 12660 912 1550 1298 69 1388 3787
 -1.86364582
  .753550336
  1.70616603
 -.892802209
 -1.51060337
  1.17837649
  1.19440203
 -2.79973978
  1.89042301
 -.734518205
 -1.73770862
  .860389642
  1.55160363
 -1.10238769
 -1.27859503
  2.01408826
 -1.91653775
  .717026386
  1.76814328
 -.831536966
 -1.59012227
  1.0402987
  .0166666675
 13490 985 1652 1396 72 1479 4031
 -1.86364744
  .753533633
  1.7061693
 -.892801358
 -1.51060874
  1.17837175
  1.19441946
 -2.7995129
  1.89042956
 -.734510384
 -1.73771787
  .860392667
  1.55161722
 -1.10237219
 -1.27863729
  2.01385053
 -1.91654742
  .716960948
  1.76815786
 -.831532855
 -1.59014332
  1.04028234
  0.
 14170 1044 1733 1503 50 1558 4222
 -1.86364299
  .753544944
  1.70616355
 -.892809092
 -1.51059671
  1.1783983
  1.19437806
 -2.80006624
  1.8904166
 -.73452016
 -1.73770196
  .860410687
  1.55159634
 -1.10241133
 -1.27859742
  2.01410827
 -1.91653561
  .716970848
  1.76814209
 -.831545033
 -1.59012291
  1.04031471
  .0166666675
 15190 1120 1847 1629 50 1650 4520
 -1.86364637
  .753540889
  1.70616767
 -.892805863
 -1.51060672
  1.17837185
  1.19441394
 -2.79958831
  1.8904284
 -.734507886
 -1.73771613
  .86039754
  1.55161436
 -1.10238135
 -1.2786283
  2.01391152
 -1.91655026
  .716958656
  1.76815902
 -.831531165
 -1.59014201
  1.04029044
  .0166666675
 15988 1215 1967 1773 48 1731 4738
 -1.86364609
  .753542361
  1.70616707
 -.892809324
 -1.51060792
  1.17837623
  1.19442279
 -2.79947619
  1.89043066
 -.734509373
 -1.73771847
  .860397702
  1.55161982
 -1.10237183
 -1.2786403
  2.01383286
 -1.91655514
  .716954882
  1.76816633
 -.831524478
 -1.59015322
  1.04027148
  .0166666675
 17353 1314 2101 1932 51 1804 5140
 -1.86364615
  .75354292
  1.70616837
 -.892807573
 -1.51060751
  1.1783779
  1.19441456
 -2.79958684
  1.89042912
 -.734510926
 -1.73771671
  .860399616
  1.5516164
 -1.10237929
 -1.27863471
  2.01387222
 -1.9165545
  .716956276
  1.76816514
 -.831525621
 -1.59015333
  1.0402746
  0.
 18683 1422 2244 2098 51 1927 5528
 -1.86364741
  .75354185
  1.70617041
 -.892806396
 -1.51061033
  1.17837235
  1.19442811
 -2.79940626
  1.89043318
 -.734508693
 -1.73772378
  .860393392
  1.55162393
 -1.10236629
 -1.27864838
  2.0137835
 -1.91655962
  .716952899
  1.76817121
 -.831520527
 -1.59016022
  1.04026438
  0.
 20130 1527 2410 2291 48 2073 5946
 -1.86364619
  .753543073
  1.70616757
 -.892809745
 -1.51060661
  1.17838043
  1.19441355
 -2.79960106
  1.89042811
 -.734512168
 -1.73771565
  .860400914
  1.55161369
 -1.10238445
 -1.27862997
  2.01390345
 -1.91655213
  .716957835
  1.76816314
 -.83152817
 -1.59014976
  1.0402802
  .0166666675
 21700 1657 2608 2505 51 2242 6398
 -1.86364658
  .753542686
  1.70616837
 -.892808927
 -1.51060819
  1.17837744
  1.19441737
 -2.79954979
  1.89042931
 -.734511321
 -1.73771705
  .860400065
  1.55161551
 -1.1023812
 -1.27863409
  2.01387682
 -1.91655362
  .716956816
  1.76816449
 -.831526966
 -1.59015132
  1.04027804
  .0166666675
 23141 1802 2811 2737 46 2383 6801
 -1.86364637
  .753542955
  1.70616782
 -.892809407
 -1.51060715
  1.17837954
  1.19441498
 -2.79958182
  1.89042895
 -.734511586
 -1.73771667
  .860400476
  1.55161542
 -1.10238141
 -1.27863327
  2.0138824
 -1.91655366
  .716956812
  1.76816475
 -.831526737
 -1.59015167
  1.04027768
  .0166666675
 24929 1973 3092 3021 50 2568 7302
 -1.86364622
  .753543102
  1.70616766
 -.892809754
 -1.51060686
  1.17838015
  1.19441437
 -2.79959013
  1.89042858
 -.734511859
 -1.73771624
  .860400897
  1.55161451
 -1.10238311
 -1.27863177
  2.01389225
 -1.91655288
  .716957342
  1.76816368
 -.831527687
 -1.59015035
  1.04027961
  .0166666675
 27714 2148 3375 3313 49 2810 8133
 -1.86364623
  .753543085
  1.70616768
 -.892809751
 -1.51060684
  1.17838015
  1.19441439
 -2.79958989
  1.8904285
 -.734511921
 -1.73771618
  .860400972
  1.55161446
 -1.1023832
 -1.2786316
  2.0138934
 -1.91655279
  .716957396
  1.76816359
 -.831527799
 -1.59015027
  1.04027978
  .0333333351
 30390 2354 3711 3646 50 3093 8914
 -1.86364625
  .753543078
  1.70616771
 -.892809712
 -1.51060689
  1.17838008
  1.19441455
 -2.79958767
  1.89042856
 -.734511894
 -1.73771625
  .860400913
  1.55161456
 -1.10238304
 -1.2786318
  2.0138921
 -1.91655288
  .716957344
  1.76816371
 -.831527693
 -1.59015043
  1.04027957
  .0166666675
 33198 2590 4089 4024 50 3383 9724
 -1.86364625
  .753543087
  1.70616771
 -.892809707
 -1.5106069
  1.17838007
  1.19441457
 -2.79958746
  1.89042856
 -.734511893
 -1.73771625
  .860400897
  1.55161456
 -1.10238303
 -1.27863182
  2.01389197
 -1.91655289
  .716957329
  1.76816371
 -.831527711
 -1.59015044
  1.04027953
  .0333333351
 36224 2791 4486 4428 48 3696 10598
 -1.86364625
  .75354309
  1.70616772
 -.892809703
 -1.51060692
  1.17838003
  1.19441461
 -2.79958688
  1.89042857
 -.734511884
 -1.73771627
  .860400886
  1.5516146
 -1.10238296
 -1.27863189
  2.01389153
 -1.91655291
  .716957326
  1.76816374
 -.831527681
 -1.59015047
  1.04027949
  .0166666675
 39764 2963 4936 4878 47 4050 11628
 -1.86364625
  .753543088
  1.70616773
 -.892809707
 -1.51060692
  1.17838002
  1.19441464
 -2.79958652
  1.89042858
 -.734511875
 -1.73771629
  .860400881
  1.55161462
 -1.10238294
 -1.27863193
  2.01389126
 -1.91655293
  .716957314
  1.76816376
 -.831527669
 -1.5901505
  1.04027945
  .0166666675
 43772 2783 5444 5382 51 4426 12796
 -1.86364625
  .753543087
  1.70616773
 -.892809704
 -1.51060693
  1.17838001
  1.19441465
 -2.79958631
  1.89042859
 -.734511872
 -1.7377163
  .860400876
  1.55161463
 -1.10238292
 -1.27863195
  2.01389111
 -1.91655294
  .716957308
  1.76816377
 -.831527656
 -1.59015052
  1.04027942
  .0333333351
 47669 2924 5976 5922 42 4862 13915
 -1.86364625
  .753543087
  1.70616773
 -.892809702
 -1.51060693
  1.17838001
  1.19441466
 -2.7995862
  1.89042859
 -.73451187
 -1.7377163
  .860400872
  1.55161464
 -1.10238291
 -1.27863196
  2.01389102
 -1.91655294
  .716957306
  1.76816378
 -.83152765
 -1.59015053
  1.04027941
  .0500000007
 52258 3102 6584 6527 46 5333 15243
 -1.86364625
  .753543086
  1.70616773
 -.892809702
 -1.51060693
  1.17838001
  1.19441467
 -2.79958612
  1.89042859
 -.73451187
 -1.7377163
  .86040087
  1.55161464
 -1.1023829
 -1.27863197
  2.01389097
 -1.91655294
  .716957304
  1.76816379
 -.831527647
 -1.59015053
  1.0402794
  .0333333351
 57051 3050 7242 7186 44 5809 16621
 -1.86364625
  .753543087
  1.70616773
 -.892809702
 -1.51060693
  1.17838
  1.19441467
 -2.79958607
  1.89042859
 -.734511869
 -1.7377163
  .860400868
  1.55161464
 -1.1023829
 -1.27863198
  2.01389094
 -1.91655295
  .716957303
  1.76816379
 -.831527645
 -1.59015054
  1.0402794
  .0500000007
 62679 3193 7963 7921 30 6308 18252
 -1.86364625
  .753543087
  1.70616773
 -.892809702
 -1.51060694
  1.17838
  1.19441467
 -2.79958604
  1.8904286
 -.734511868
 -1.73771631
  .860400867
  1.55161464
 -1.1023829
 -1.27863198
  2.01389092
 -1.91655295
  .716957302
  1.76816379
 -.831527643
 -1.59015054
  1.04027939
  .0500000007
 68540 3269 8774 8730 32 6917 19936
 -1.86364625
  .753543087
  1.70616773
 -.892809701
 -1.51060694
  1.17838
  1.19441468
 -2.79958603
  1.8904286
 -.734511869
 -1.73771631
  .860400866
  1.55161464
 -1.1023829
 -1.27863198
  2.0138909
 -1.91655295
  .716957301
  1.76816379
 -.831527642
 -1.59015054
  1.04027939
  .0500000007
 75287 3392 9656 9621 23 7548 21888
 -1.86364625
  .753543087
  1.70616773
 -.892809701
 -1.51060694
  1.17838
  1.19441468
 -2.79958602
  1.8904286
 -.734511868
 -1.73771631
  .860400866
  1.55161464
 -1.10238289
 -1.27863198
  2.0138909
 -1.91655295
  .716957301
  1.76816379
 -.831527642
 -1.59015054
  1.04027939
  .0666666701
 81910 3500 10617 10586 20 8252 23774
 -1.86364625
  .753543087
  1.70616773
 -.892809701
 -1.51060694
  1.17838
  1.19441468
 -2.79958601
  1.8904286
 -.734511868
 -1.73771631
  .860400866
  1.55161464
 -1.10238289
 -1.27863198
  2.01389089
 -1.91655295
  .716957301
  1.76816379
 -.831527641
 -1.59015054
  1.04027939
  .0666666701
 90330 3624 11697 11668 18 9073 26220
 -1.86364625
  .753543087
  1.70616773
 -.892809701
 -1.51060694
  1.17838
  1.19441468
 -2.799586
  1.8904286
 -.734511868
 -1.73771631
  .860400866
  1.55161465
 -1.10238289
 -1.27863198
  2.01389089
 -1.91655295
  .716957301
  1.76816379
 -.831527641
 -1.59015054
  1.04027939
  .0666666701
 99353 3769 12898 12864 23 9974 28829
 -1.86364625
  .753543087
  1.70616773
 -.892809701
 -1.51060694
  1.17838
  1.19441468
 -2.799586
  1.8904286
 -.734511868
 -1.73771631
  .860400865
  1.55161465
 -1.10238289
 -1.27863198
  2.01389089
 -1.91655295
  .7169573
  1.76816379
 -.831527641
 -1.59015054
  1.04027939
  .0833333358
 110180 3946 14219 14196 13 10913 31994
